000100000000000061393937343565376339393563643437363665383065626463663630653836386166323632323335393164313063623561373435636437306533363565666330323834613765333861646663363566386537306639633232353534623132393338306537353864393531323437323330633435653433663836333132366432383930356135353961306463376636393139623834353663306236313865616235373735373465343533386138613730636630353365636462333338386639333138336466363461373436336135636134303163653438653462643266303066613165346662613135343766326136666463393134623934613938363464356166
000100000000000039626232303034626430326634303466306430333364613038343961383234366633303235366665333336363235353664323835663034636264373562636338616363376661613431336561386463356530366338313363313434653932383234316136643864383261303630393337343566353936383563636531333130363336353935633639313665613066653761386438316130396535333963313665616161613133373464323530643730633366303039336265353330376161646439643038663734386432313936343933646466363166633434356365386666616436653131396666333831346130346433326531306139663361353134393362
01010000000000003133643630326430623764366430633061333739636165396436386263396137396134313265613337316462666334373561396136303431663134303535383334363732643664313332653732656439333731373338633161653738346432613464353334303930303335626463306665656561636632303630393233383437303530343462303433353238383566393163306466393261653036633966636131363863333834663539623039616338313765613563333939386430303963323330616265663338663163333539353461663765366237656263376661626561666330333665393239623432653839363239343131383261386238353738656633
000100000000000061356665383366376633323735343335303839396238353436623133343066626333333865376264626434613861323565663361633663666632396539663532366464623061616337353430353636386362383361363330323666363730666430356634363466643938306431636135363762356562353432383963373762616630343462323463633764303265646666643565336236313866346530313737613638353035646565633838613434626331366465336562356134613866383035393838376363656464613061613337333239303038373936323863626363393336643434343833326439613734646538383264623633396162666237323766
000100000000000066316235316466386362626530623331393962393134353835666465353164393833326439336566633333666137633565623932356533356232356361376664313366313131666236666233623737643130656232353739616636343865316565613632356366313163346662353065323833643530316533343531356535663733373833383132666337363762356134343834663533633562623836323938316563313361633138653739303236326363663538663539643265613335373739313932326162326261653036323331303734383538646164323331373537636535636664613131383831613135316239323634333939303134326162653537
01010000000000003138386235323332343135346636363730633230616637346637376263393238303233623662623131663464353233616635636361656339363138336436376137623633663432393437343738393939333064396235336133336631616431613633303932303237343139646163656235636666613634663039666430376437306434346335353933373936393662313963366331356638313461303939616436653133623436336235383865353834386437353365396137666166333264613364353035646564646463663436373032643965373834633238643231343536633163386238353661393639353933356431356464366236353933323031303066
000100000000000033333161613339323363313531333036646338653031313965653037383733393836313261626638343636386633333035386236316339373531653430386165356530373166383639366334376566633763653061396664663564646337633237656165646436313066643064323963316134386263303434623261613764363836393735356162356637663937613334646630353765616336626638633338373530353830643963343034336235653262353136633335646164616138613836386133383739366663393234663130373837663236386163316132653336646630393537326163383764653234396532373562633832343262363065623233
000100000000000037643630643666393732306363356237336262343832306434316537366332363064663264313133643331646464666530373330636430663230316530316161386664383837343030326235613063333762333366396436663038386234613935656162346665343366653464306433626334393438363363343038336337316133653836663437336538343730613062356664643130646138356161383239663031643932353131343061613737396534343764346138323334656266366437383439356133373439333631653436306337613563663161356161343465373936656136376335303035623536386638303365643837396638663839633033
01010000000000003131626465346539613866633337656537656331616637393138616661656636313737633266306136343063383534333665313838616134303633303435613866393834306639653238393564363764353864653733383861306433373035653235303962393137663432303964663562616336613330646566353639323539353034343833333863386139663436326534656461323037653862363035396334363536373062653766353061386636363139376163306463653962306662333433626636633438336364363966653831663730663662656438313133353766343835373961386232363636303930643839666633656132396137343638653533
01010000000000003138643261646136333463383533303437323130363162646366636461303636336433656636333865363630393237613134333839646535363461643965316134383137633439303131323234326333333065373766363363363830653763663232663634653932383233393163383132616262343438666433333962373934663863613062346139363232373637653632313039306266633934343065336466663633363635333765363066636139373831343531386433646330623065333433623437396536373463663664353930623536623830343639333330623132376266616532656666363630666561633038616136316336663333386534363433
